,x(km),Zground(km),Psfc(kPa)
0,0.0,0.0,95.0
1,20.0,0.0,95.2
2,40.0,0.0,95.4
3,60.0,0.0,95.6
4,80.0,0.0,95.8
5,100.0,0.0,96.0
6,120.0,0.0,96.2
7,140.0,0.0,96.4
8,160.0,0.0,96.6
9,180.0,0.0,96.8
10,200.0,0.0,97.0
11,220.0,0.0,97.2
12,240.0,0.0,97.4
13,260.0,0.00788561796841114,97.50918288443476
14,280.0,0.07022437374365254,96.98808180216527
15,300.0,0.19098425341963254,95.7909755262519
16,320.0,0.36257748238324905,94.01736079617001
17,340.0,0.574222245101033,91.80955065997497
18,360.0,0.812620145103439,89.33623482894441
19,380.0,1.0627917907389617,86.77515062447523
20,400.0,1.3090180038603192,84.29778671645388
21,420.0,1.5358275119387923,82.05800637904095
22,440.0,1.728969063382995,80.18519722199535
23,460.0,1.8763068845840458,78.78144049404557
24,480.0,1.968583213922285,77.92148647938691
25,500.0,2.0,77.65407113512205
26,520.0,1.968583213922285,78.00322891426922
27,540.0,1.8763068845840458,78.96861974194206
28,560.0,1.728969063382995,80.52438777371408
29,580.0,1.5358275119387923,82.61664225820867
30,600.0,1.3090180038603192,85.16025755290686
31,620.0,1.0627917907389617,88.03627450799792
32,640.0,0.812620145103439,91.09163650125973
33,660.0,0.574222245101033,94.14312907883212
34,680.0,0.36257748238324905,96.98700495569247
35,700.0,0.19098425341963254,99.41473755500085
36,720.0,0.07022437374365254,101.23374282493944
37,740.0,0.00788561796841114,102.29012961598043
38,760.0,0.0,102.6
39,780.0,0.0,102.8
40,800.0,0.0,103.0
41,820.0,0.0,103.2
42,840.0,0.0,103.4
43,860.0,0.0,103.6
44,880.0,0.0,103.8
45,900.0,0.0,104.0
46,920.0,0.0,104.2
47,940.0,0.0,104.4
48,960.0,0.0,104.6
49,980.0,0.0,104.8
